-1 -1 -1 -1 -1 -1 -1 -1 -1 -1 -1 -1 -1 -1 -1 -1 -1 -1 -1 -1 -1 -1 -1 -1 -1 -1 -1 -1 -1 -1 -1 -1 -1 -1 -1 -1 -1 -1 -1 -1 -1 -1 -1 -1 -1 -1 -1 -1 -1 -1 -1 -1 -1 -1 -1 -1 -1 -1 -1 -1 -1 -1 -1 -1 -1 -1 -1 -1 -1 -1 -1 -1 -1 -1 -1 -1 -1 -1 -1 -1 -1 -1 -1 -1 -1 
-1 -1 -1 -1 -1 -1 -1 -1 -1 -1 -1 -1 -1 -1 -1 -1 -1 -1 -1 -1 -1 -1 -1 -1 -1 -1 -1 -1 -1 -1 -1 -1 -1 -1 -1 -1 -1 -1 -1 -1 -1 -1 -1 -1 -1 -1 -1 -1 -1 -1 -1 -1 -1 -1 -1 -1 -1 -1 -1 -1 -1 -1 -1 -1 -1 -1 -1 -1 -1 -1 -1 -1 -1 -1 -1 -1 -1 -1 -1 -1 -1 -1 -1 -1 -1 
-1 -1 -1 -1 -1 -1 -1 -1 -1 -1 -1 -1 -1 -1 -1 -1 -1 -1 -1 -1 -1 -1 -1 -1 -1 -1 -1 -1 -1 -1 -1 -1 -1 -1 -1 -1 -1 -1 -1 -1 -1 -1 -1 -1 -1 -1 -1 -1 -1 -1 -1 -1 -1 -1 -1 -1 -1 -1 -1 -1 -1 -1 -1 -1 -1 -1 -1 -1 -1 -1 -1 -1 -1 -1 -1 -1 -1 -1 -1 -1 -1 -1 -1 -1 -1 
-1 -1 -1 -1 -1 -1 -1 -1 -1 -1 -1 -1 -1 -1 -1 -1 -1 -1 -1 -1 -1 -1 -1 -1 -1 -1 -1 -1 -1 -1 -1 -1 -1 -1 -1 -1 -1 -1 -1 -1 -1 -1 -1 -1 -1 -1 -1 -1 -1 -1 -1 -1 -1 -1 -1 -1 -1 -1 -1 -1 -1 -1 -1 -1 -1 -1 -1 -1 -1 -1 -1 -1 -1 -1 -1 -1 -1 -1 -1 -1 -1 -1 -1 -1 -1 
-1 -1 -1 -1 -1 -1 -1 -1 -1 -1 -1 -1 -1 -1 -1 -1 -1 -1 -1 -1 -1 -1 -1 -1 -1 -1 -1 -1 -1 -1 -1 -1 -1 -1 -1 -1 -1 -1 -1 -1 -1 -1 -1 -1 -1 -1 -1 -1 -1 -1 -1 -1 -1 -1 -1 -1 -1 -1 -1 -1 -1 -1 -1 -1 -1 -1 -1 -1 -1 -1 -1 -1 -1 -1 -1 -1 -1 -1 -1 -1 -1 -1 -1 -1 -1 
-1 -1 -1 -1 -1 -1 -1 -1 -1 -1 -1 -1 -1 -1 -1 -1 -1 -1 -1 -1 -1 -1 -1 -1 -1 -1 -1 -1 -1 -1 -1 -1 -1 -1 -1 -1 -1 -1 -1 -1 -1 -1 -1 -1 -1 -1 -1 -1 -1 -1 -1 -1 -1 -1 -1 -1 -1 -1 -1 -1 -1 -1 -1 -1 -1 -1 -1 -1 -1 -1 -1 -1 -1 -1 -1 -1 -1 -1 -1 -1 -1 -1 -1 -1 -1 
-1 -1 -1 -1 -1 -1 -1 -1 -1 -1 -1 -1 -1 -1 -1 -1 -1 -1 -1 -1 -1 -1 -1 -1 -1 -1 -1 -1 -1 -1 -1 -1 -1 -1 -1 -1 -1 -1 -1 -1 -1 -1 -1 -1 -1 -1 -1 -1 -1 -1 -1 -1 -1 -1 -1 -1 -1 -1 -1 -1 -1 -1 -1 -1 -1 -1 -1 -1 -1 -1 -1 -1 -1 -1 -1 -1 -1 -1 -1 -1 -1 -1 -1 -1 -1 
-1 -1 -1 -1 -1 -1 -1 -1 -1 -1 -1 -1 -1 -1 -1 -1 -1 -1 -1 -1 -1 -1 -1 -1 -1 -1 -1 -1 -1 -1 -1 -1 -1 -1 -1 -1 -1 -1 -1 -1 -1 -1 -1 -1 -1 -1 -1 -1 -1 -1 -1 -1 -1 -1 -1 -1 -1 -1 -1 -1 -1 -1 -1 -1 -1 -1 -1 -1 -1 -1 -1 -1 -1 -1 -1 -1 -1 -1 -1 -1 -1 -1 -1 -1 -1 
-1 -1 -1 -1 -1 -1 -1 -1 -1 -1 -1 -1 -1 -1 -1 -1 -1 -1 -1 -1 -1 -1 -1 -1 -1 -1 -1 -1 -1 -1 -1 -1 -1 -1 -1 -1 -1 -1 -1 -1 -1 -1 -1 -1 -1 -1 -1 -1 -1 -1 -1 -1 -1 -1 -1 -1 -1 -1 -1 -1 -1 -1 -1 -1 -1 -1 -1 -1 -1 -1 -1 -1 -1 -1 -1 -1 -1 -1 -1 -1 -1 -1 -1 -1 -1 
-1 -1 -1 -1 -1 -1 -1 -1 -1 -1 -1 -1 -1 -1 -1 -1 -1 -1 -1 -1 -1 -1 -1 -1 -1 -1 -1 -1 -1 -1 -1 -1 -1 -1 -1 -1 -1 -1 -1 -1 -1 -1 -1 -1 -1 -1 -1 -1 -1 -1 -1 -1 -1 -1 -1 -1 -1 -1 -1 -1 -1 -1 -1 -1 -1 -1 -1 -1 -1 -1 -1 -1 -1 -1 -1 -1 -1 -1 -1 -1 -1 -1 -1 -1 -1 
-1 -1 -1 -1 -1 -1 -1 -1 -1 -1 -1 -1 -1 -1 -1 -1 -1 -1 -1 -1 -1 -1 -1 -1 -1 -1 -1 -1 -1 -1 -1 -1 -1 -1 -1 -1 -1 -1 -1 -1 -1 -1 -1 -1 -1 -1 -1 -1 -1 -1 -1 -1 -1 -1 -1 -1 -1 -1 -1 -1 -1 -1 -1 -1 -1 -1 -1 -1 -1 -1 -1 -1 -1 -1 -1 -1 -1 -1 -1 -1 -1 -1 -1 -1 -1 
-1 -1 -1 -1 -1 -1 -1 -1 -1 -1 -1 -1 -1 -1 -1 -1 -1 -1 -1 -1 -1 -1 -1 -1 -1 -1 -1 -1 -1 -1 -1 -1 -1 -1 -1 -1 -1 -1 -1 -1 -1 -1 -1 -1 -1 -1 -1 -1 -1 -1 -1 -1 -1 -1 -1 -1 -1 -1 -1 -1 -1 -1 -1 -1 -1 -1 -1 -1 -1 -1 -1 -1 -1 -1 -1 -1 -1 -1 -1 -1 -1 -1 -1 -1 -1 
-1 -1 -1 -1 -1 -1 -1 -1 -1 -1 -1 -1 -1 -1 -1 -1 -1 -1 -1 -1 -1 -1 -1 -1 -1 -1 -1 -1 -1 -1 -1 -1 -1 -1 -1 -1 -1 -1 -1 -1 -1 -1 -1 -1 -1 -1 -1 -1 -1 -1 -1 -1 -1 -1 -1 -1 -1 -1 -1 -1 -1 -1 -1 -1 -1 -1 -1 -1 -1 -1 -1 -1 -1 -1 -1 -1 -1 -1 -1 -1 -1 -1 -1 -1 -1 
-1 -1 -1 -1 -1 -1 -1 -1 -1 -1 -1 -1 -1 -1 -1 -1 -1 -1 -1 -1 -1 -1 -1 -1 -1 -1 -1 -1 -1 -1 -1 -1 -1 -1 -1 -1 -1 -1 -1 -1 -1 -1 -1 -1 -1 -1 -1 -1 -1 -1 -1 -1 -1 -1 -1 -1 -1 -1 -1 -1 -1 -1 -1 -1 -1 -1 -1 -1 -1 -1 -1 -1 -1 -1 -1 -1 -1 -1 -1 -1 -1 -1 -1 -1 -1 
-1 -1 -1 -1 -1 -1 -1 -1 -1 -1 -1 -1 -1 -1 -1 -1 -1 -1 -1 -1 -1 -1 -1 -1 -1 -1 -1 -1 -1 -1 -1 -1 -1 -1 -1 -1 -1 -1 -1 -1 -1 -1 -1 -1 -1 -1 -1 -1 -1 -1 -1 -1 -1 -1 -1 -1 -1 -1 -1 -1 -1 -1 -1 -1 -1 -1 -1 -1 -1 -1 -1 -1 -1 -1 -1 -1 -1 -1 -1 -1 -1 -1 -1 -1 -1 
-1 -1 -1 -1 -1 -1 -1 -1 -1 -1 -1 -1 -1 -1 -1 -1 -1 -1 -1 -1 -1 -1 -1 -1 -1 -1 -1 -1 -1 -1 -1 -1 -1 -1 -1 -1 -1 -1 -1 -1 -1 -1 -1 -1 -1 -1 -1 -1 -1 -1 -1 -1 -1 -1 -1 -1 -1 -1 -1 -1 -1 -1 -1 -1 -1 -1 -1 -1 -1 -1 -1 -1 -1 -1 -1 -1 -1 -1 -1 -1 -1 -1 -1 -1 -1 
-1 -1 -1 -1 -1 -1 -1 -1 -1 -1 -1 -1 -1 -1 -1 -1 -1 -1 -1 -1 -1 -1 -1 -1 -1 -1 -1 -1 -1 -1 -1 -1 -1 -1 -1 -1 -1 -1 -1 -1 -1 -1 -1 -1 -1 -1 -1 -1 -1 -1 -1 -1 -1 -1 -1 -1 -1 -1 -1 -1 -1 -1 -1 -1 -1 -1 -1 -1 -1 -1 -1 -1 -1 -1 -1 -1 -1 -1 -1 -1 -1 -1 -1 -1 -1 
-1 -1 -1 -1 -1 -1 -1 -1 -1 -1 -1 -1 -1 -1 -1 -1 -1 -1 -1 -1 -1 -1 -1 -1 -1 -1 -1 -1 -1 -1 -1 -1 -1 -1 -1 -1 -1 -1 -1 -1 -1 -1 -1 -1 -1 -1 -1 -1 -1 -1 -1 -1 -1 -1 -1 -1 -1 -1 -1 -1 -1 -1 -1 -1 -1 -1 -1 -1 -1 -1 -1 -1 -1 -1 -1 -1 -1 -1 -1 -1 -1 -1 -1 -1 -1 
-1 -1 -1 -1 -1 -1 -1 -1 -1 -1 -1 -1 -1 -1 -1 -1 -1 -1 -1 -1 -1 -1 -1 -1 -1 -1 -1 -1 -1 -1 -1 -1 -1 -1 -1 -1 -1 -1 -1 -1 -1 -1 -1 -1 -1 -1 -1 -1 -1 -1 -1 -1 -1 -1 -1 -1 -1 -1 -1 -1 -1 -1 -1 -1 -1 -1 -1 -1 -1 -1 -1 -1 -1 -1 -1 -1 -1 -1 -1 -1 -1 -1 -1 -1 -1 
-1 -1 -1 -1 -1 -1 -1 -1 -1 -1 -1 -1 -1 -1 -1 -1 -1 -1 -1 -1 -1 -1 -1 -1 -1 -1 -1 -1 -1 -1 -1 -1 -1 -1 -1 -1 -1 -1 -1 -1 -1 -1 -1 -1 -1 -1 -1 -1 -1 -1 -1 -1 -1 -1 -1 -1 -1 -1 -1 -1 -1 -1 -1 -1 -1 -1 -1 -1 -1 -1 -1 -1 -1 -1 -1 -1 -1 -1 -1 -1 -1 -1 -1 -1 -1 
-1 -1 -1 -1 -1 -1 -1 -1 -1 -1 -1 -1 -1 -1 -1 -1 -1 -1 -1 -1 -1 -1 -1 -1 -1 -1 -1 -1 -1 -1 -1 -1 -1 -1 -1 -1 -1 -1 -1 -1 -1 -1 -1 -1 -1 -1 -1 -1 -1 -1 -1 -1 -1 -1 -1 -1 -1 -1 -1 -1 -1 -1 -1 -1 -1 -1 -1 -1 -1 -1 -1 -1 -1 -1 -1 -1 -1 -1 -1 -1 -1 -1 -1 -1 -1 
-1 -1 -1 -1 -1 -1 -1 -1 -1 -1 -1 -1 -1 -1 -1 -1 -1 -1 -1 -1 -1 -1 -1 -1 -1 -1 -1 -1 -1 -1 -1 -1 -1 -1 -1 -1 -1 -1 -1 -1 -1 -1 -1 -1 -1 -1 -1 -1 -1 -1 -1 -1 -1 -1 -1 -1 -1 -1 -1 -1 -1 -1 -1 -1 -1 -1 -1 -1 -1 -1 -1 -1 -1 -1 -1 -1 -1 -1 -1 -1 -1 -1 -1 -1 -1 
-1 -1 -1 -1 -1 -1 -1 -1 -1 -1 -1 -1 -1 -1 -1 -1 -1 -1 -1 -1 -1 -1 -1 -1 -1 -1 -1 -1 -1 -1 -1 -1 -1 -1 -1 -1 -1 -1 -1 -1 -1 -1 -1 -1 -1 -1 -1 -1 -1 -1 -1 -1 -1 -1 -1 -1 -1 -1 -1 -1 -1 -1 -1 -1 -1 -1 -1 -1 -1 -1 -1 -1 -1 -1 -1 -1 -1 -1 -1 -1 -1 -1 -1 -1 -1 
-1 -1 -1 -1 -1 -1 -1 -1 -1 -1 -1 -1 -1 -1 -1 -1 -1 -1 -1 -1 -1 -1 -1 -1 -1 -1 -1 -1 -1 -1 -1 -1 -1 -1 -1 -1 -1 -1 -1 -1 -1 -1 -1 -1 -1 -1 -1 -1 -1 -1 -1 -1 -1 -1 -1 -1 -1 -1 -1 -1 -1 -1 -1 -1 -1 -1 -1 -1 -1 -1 -1 -1 -1 -1 -1 -1 -1 -1 -1 -1 -1 -1 -1 -1 -1 
-1 -1 -1 -1 -1 -1 -1 -1 -1 -1 -1 -1 -1 -1 -1 -1 -1 -1 -1 -1 -1 -1 -1 -1 -1 -1 -1 -1 -1 -1 -1 -1 -1 -1 -1 -1 -1 -1 -1 -1 -1 -1 -1 -1 -1 -1 -1 -1 -1 -1 -1 -1 -1 -1 -1 -1 -1 -1 -1 -1 -1 -1 -1 -1 -1 -1 -1 -1 -1 -1 -1 -1 -1 -1 -1 -1 -1 -1 -1 -1 -1 -1 -1 -1 -1 
-1 -1 -1 -1 -1 -1 -1 -1 -1 -1 -1 -1 -1 -1 -1 -1 -1 -1 -1 -1 -1 -1 -1 -1 -1 -1 -1 -1 -1 -1 -1 -1 -1 -1 -1 -1 -1 -1 -1 -1 -1 -1 -1 -1 -1 -1 -1 -1 -1 -1 -1 -1 -1 -1 -1 -1 -1 -1 -1 -1 -1 -1 -1 -1 -1 -1 -1 -1 -1 -1 -1 -1 -1 -1 -1 -1 -1 -1 -1 -1 -1 -1 -1 -1 -1 
-1 -1 -1 -1 -1 -1 -1 -1 -1 -1 -1 -1 -1 -1 -1 -1 -1 -1 -1 -1 -1 -1 -1 -1 -1 -1 -1 -1 -1 -1 -1 -1 -1 -1 -1 -1 -1 -1 -1 -1 -1 -1 -1 -1 -1 -1 -1 -1 -1 -1 -1 -1 -1 -1 -1 -1 -1 -1 -1 -1 -1 -1 -1 -1 -1 -1 -1 -1 -1 -1 -1 -1 -1 -1 -1 -1 -1 -1 -1 -1 -1 -1 -1 -1 -1 
-1 -1 -1 -1 -1 -1 -1 -1 -1 -1 -1 -1 -1 -1 -1 -1 -1 -1 -1 -1 -1 -1 -1 -1 -1 -1 -1 -1 -1 -1 -1 -1 -1 -1 -1 -1 -1 -1 -1 -1 -1 -1 -1 -1 -1 -1 -1 -1 -1 -1 -1 -1 -1 -1 -1 -1 -1 -1 -1 -1 -1 -1 -1 -1 -1 -1 -1 -1 -1 -1 -1 -1 -1 -1 -1 -1 -1 -1 -1 -1 -1 -1 -1 -1 -1 
-1 -1 -1 -1 -1 -1 -1 -1 -1 -1 -1 -1 -1 -1 -1 -1 -1 -1 -1 -1 -1 -1 -1 -1 -1 -1 -1 -1 -1 -1 -1 -1 -1 -1 -1 -1 -1 -1 -1 28.3434 -1 -1 -1 -1 -1 -1 -1 -1 -1 -1 -1 -1 -1 -1 -1 -1 -1 -1 -1 -1 -1 -1 -1 -1 -1 -1 -1 -1 -1 -1 -1 -1 -1 -1 -1 -1 -1 -1 -1 -1 -1 -1 -1 -1 -1 
-1 -1 -1 -1 -1 -1 -1 -1 -1 -1 -1 -1 -1 -1 -1 -1 -1 -1 -1 -1 -1 -1 -1 -1 -1 -1 -1 -1 -1 -1 -1 -1 -1 -1 -1 -1 -1 -1 28.3434 28.3434 28.3434 -1 -1 -1 -1 -1 -1 -1 -1 -1 -1 -1 -1 -1 -1 -1 -1 -1 -1 -1 -1 -1 -1 -1 -1 -1 -1 -1 -1 -1 -1 -1 -1 -1 -1 -1 -1 -1 -1 -1 -1 -1 -1 -1 -1 
-1 -1 -1 -1 -1 -1 -1 -1 -1 -1 -1 -1 -1 -1 -1 -1 -1 -1 -1 -1 -1 -1 -1 -1 -1 -1 -1 -1 -1 -1 -1 -1 -1 -1 -1 -1 -1 -1 26.3878 28.7968 84.2209 -1 -1 -1 -1 -1 -1 -1 -1 -1 -1 -1 -1 -1 -1 -1 -1 -1 -1 -1 -1 -1 -1 -1 -1 -1 -1 -1 -1 -1 -1 -1 -1 -1 -1 -1 -1 -1 -1 -1 -1 -1 -1 -1 -1 
-1 -1 -1 -1 -1 -1 -1 -1 -1 -1 -1 -1 -1 -1 -1 -1 -1 -1 -1 -1 -1 -1 -1 -1 -1 -1 -1 -1 -1 -1 -1 -1 -1 -1 -1 -1 -1 -1 28.7968 28.7968 28.7968 114.528 -1 -1 -1 -1 -1 -1 -1 -1 -1 -1 -1 -1 -1 -1 -1 -1 -1 -1 -1 -1 -1 -1 -1 -1 -1 -1 -1 -1 -1 -1 -1 -1 -1 -1 -1 -1 -1 -1 -1 -1 -1 -1 -1 
-1 -1 -1 -1 -1 -1 -1 -1 -1 -1 -1 -1 -1 -1 -1 -1 -1 -1 -1 -1 -1 -1 -1 -1 -1 -1 -1 -1 -1 -1 -1 -1 -1 -1 -1 -1 -1 -1 54.5439 28.7836 114.528 29.2107 -1 -1 -1 -1 -1 -1 -1 -1 -1 -1 -1 -1 -1 -1 -1 -1 -1 -1 -1 -1 -1 -1 -1 -1 -1 -1 -1 -1 -1 -1 -1 -1 -1 -1 -1 -1 -1 -1 -1 -1 -1 -1 -1 
-1 -1 -1 -1 -1 -1 -1 -1 -1 -1 -1 -1 -1 -1 -1 -1 22.6222 22.6222 23.0723 23.0723 23.3401 23.3401 -1 -1 -1 -1 -1 -1 -1 -1 -1 -1 -1 -1 -1 -1 -1 -1 28.7836 28.7836 28.7836 29.2107 29.2107 -1 -1 -1 -1 -1 -1 -1 -1 -1 -1 -1 -1 -1 -1 -1 -1 -1 -1 -1 -1 -1 -1 -1 -1 -1 -1 -1 -1 -1 -1 -1 -1 -1 -1 -1 -1 -1 -1 -1 -1 -1 -1 
-1 -1 -1 -1 -1 -1 -1 -1 -1 -1 -1 -1 -1 -1 -1 22.6222 22.6222 22.6222 23.0723 23.0723 23.3401 23.3401 69.2329 24.0132 24.0132 -1 -1 -1 -1 -1 -1 -1 -1 -1 -1 -1 -1 -1 91.0546 28.4532 114.79 29.1105 86.3306 29.579 29.579 -1 -1 -1 -1 -1 -1 -1 -1 -1 -1 -1 -1 -1 -1 -1 -1 -1 -1 -1 -1 -1 -1 -1 -1 -1 -1 -1 -1 -1 -1 -1 -1 -1 -1 -1 -1 -1 -1 -1 -1 
-1 -1 -1 -1 -1 -1 -1 -1 -1 -1 -1 -1 -1 -1 -1 -1 22.6939 91.0546 23.2437 92.8474 23.5806 69.2329 24.0132 24.0132 24.0132 70.8981 24.7008 24.7008 -1 -1 -1 -1 -1 -1 -1 -1 -1 -1 -1 28.4532 28.4532 29.1105 29.1105 29.579 29.579 96.1577 30.1546 30.1546 -1 -1 -1 -1 -1 -1 -1 -1 -1 -1 -1 -1 -1 -1 -1 -1 -1 -1 -1 -1 -1 -1 -1 -1 -1 -1 -1 -1 -1 -1 -1 -1 -1 -1 -1 -1 -1 
-1 -1 -1 -1 -1 -1 -1 -1 -1 -1 -1 -1 -1 -1 -1 -1 -1 22.6939 23.2437 23.2437 23.5806 23.5806 94.9858 24.1378 70.8981 24.7008 24.7008 24.7008 21.5803 25.4048 25.4048 -1 -1 -1 -1 -1 -1 -1 -1 28.4156 92.8377 29.2887 94.6564 29.6983 96.1577 30.1546 30.1546 30.1546 98.6425 30.6675 -1 -1 -1 -1 -1 -1 -1 -1 -1 -1 -1 -1 -1 -1 -1 -1 -1 -1 -1 -1 -1 -1 -1 -1 -1 -1 -1 -1 -1 -1 -1 -1 -1 -1 -1 
-1 -1 -1 -1 -1 -1 -1 -1 -1 -1 -1 -1 -1 -1 -1 -1 -1 -1 -1 -1 23.5136 94.6564 24.1378 24.1378 24.1378 97.2586 24.8094 21.5803 25.4048 25.4048 25.4048 46.7875 25.8073 25.8073 -1 -1 -1 -1 -1 -1 28.4156 29.2887 29.2887 29.6983 29.6983 96.9429 30.28 98.6425 30.6675 30.6675 30.6675 101.07 -1 -1 -1 -1 -1 -1 -1 -1 -1 -1 -1 -1 -1 -1 -1 -1 -1 -1 -1 -1 -1 -1 -1 -1 -1 -1 -1 -1 -1 -1 -1 -1 -1 
-1 -1 -1 -1 -1 -1 -1 -1 -1 -1 -1 -1 -1 -1 -1 -1 -1 -1 -1 -1 -1 -1 -1 24.0508 96.9429 24.8094 24.8094 24.8094 99.7909 25.3217 46.7875 25.8073 25.8073 25.8073 47.8593 26.6916 26.6916 98.8424 98.8424 -1 -1 28.8294 45.1684 29.6278 95.937 30.28 30.28 30.28 99.0948 31.0878 101.07 31.5571 31.5571 -1 -1 -1 -1 -1 -1 -1 -1 -1 -1 -1 -1 -1 -1 -1 -1 -1 -1 -1 -1 -1 -1 -1 -1 -1 -1 -1 -1 -1 -1 -1 -1 
-1 -1 -1 -1 -1 -1 -1 -1 -1 -1 -1 -1 -1 -1 -1 -1 -1 -1 -1 -1 -1 -1 -1 -1 -1 -1 24.6022 99.0948 25.3217 25.3217 25.3217 102.409 26.0744 47.8593 26.6916 26.6916 26.6916 98.8424 98.8424 27.4085 28.8294 28.8294 -1 29.6278 29.6278 46.3237 30.1858 98.251 31.0878 31.0878 31.0878 31.5571 31.5571 102.971 -1 -1 -1 -1 -1 -1 -1 -1 -1 -1 -1 -1 -1 -1 -1 -1 -1 -1 -1 -1 -1 -1 -1 -1 -1 -1 -1 -1 -1 -1 -1 
-1 -1 -1 -1 -1 -1 -1 -1 -1 -1 -1 -1 -1 -1 -1 -1 -1 -1 -1 -1 -1 -1 -1 -1 -1 -1 -1 -1 99.9839 25.2791 102.103 26.0744 26.0744 26.0744 105.035 26.9225 48.9491 108.015 27.4085 50.4097 51.0728 28.2752 28.2752 28.5412 52.8821 30.1858 30.1858 30.1858 73.0096 31.2182 101.028 31.5787 102.971 31.9644 -1 -1 -1 -1 -1 -1 -1 -1 -1 -1 -1 -1 -1 -1 -1 -1 -1 -1 -1 -1 -1 -1 -1 -1 -1 -1 -1 -1 -1 -1 -1 
-1 -1 -1 -1 -1 -1 -1 -1 -1 -1 -1 41.9783 41.9783 42.2736 42.2736 43.1489 -1 -1 -1 -1 -1 -1 -1 -1 -1 -1 -1 -1 -1 -1 25.2791 102.971 26.0972 104.653 26.9225 26.9225 26.9225 108.015 108.015 50.4097 50.4097 28.2752 28.2752 28.5412 28.5412 53.3309 30.0577 54.4404 31.2182 31.2182 31.2182 31.5787 31.5787 31.9644 31.9644 -1 -1 -1 -1 -1 -1 -1 -1 -1 -1 -1 -1 -1 -1 -1 -1 -1 -1 -1 -1 -1 -1 -1 -1 -1 -1 -1 -1 -1 -1 
-1 -1 -1 -1 -1 -1 -1 -1 -1 -1 41.9783 41.9783 41.9783 42.2736 42.2736 43.1489 43.1489 22.8692 23.1833 23.1833 23.5236 23.5236 87.8288 -1 -1 -1 -1 -1 -1 -1 -1 -1 26.0972 26.0972 42.2736 26.955 107.64 91.0322 27.6232 92.3044 50.3042 28.4779 51.7951 28.907 41.9783 30.0577 30.0577 30.0577 54.9318 31.1918 56.1593 31.9612 48.8913 32.367 41.9783 88.3732 -1 -1 -1 -1 -1 -1 -1 -1 -1 -1 -1 -1 -1 -1 -1 -1 -1 -1 -1 -1 -1 -1 -1 -1 -1 -1 -1 -1 -1 
-1 -1 -1 -1 -1 -1 -1 -1 -1 -1 21.7408 86.8979 22.1231 88.3732 22.5247 90.3436 22.8692 23.1833 23.1833 23.1833 23.5236 23.5236 87.8288 87.8288 24.2653 24.5546 24.5546 92.0215 92.0215 -1 -1 -1 25.8549 87.8288 26.955 26.955 26.955 91.0322 91.0322 92.3044 92.3044 28.4779 28.4779 28.907 28.907 88.3732 30.1177 90.3436 31.1918 31.1918 31.1918 31.9612 31.9612 32.367 32.367 88.3732 -1 -1 -1 -1 -1 -1 -1 -1 -1 -1 -1 -1 -1 -1 -1 -1 -1 -1 -1 -1 -1 -1 -1 -1 -1 -1 -1 -1 -1 
-1 -1 -1 -1 -1 -1 -1 -1 -1 -1 86.8979 86.8979 86.8979 88.3732 88.3732 90.3436 90.3436 91.6124 23.2467 93.0876 23.8314 43.4744 44.0944 24.2653 24.5546 24.5546 24.5546 92.0215 92.0215 25.1633 25.3574 25.3574 25.8549 25.8549 88.7767 26.8804 90.5917 91.1107 27.6458 92.5801 93.3271 28.5702 46.7446 29.0294 88.1173 30.1177 30.1177 30.1177 91.2395 31.1279 92.6824 31.7549 94.1975 32.3781 88.1173 32.7129 32.7129 -1 -1 -1 -1 -1 -1 -1 -1 -1 -1 -1 -1 -1 -1 -1 -1 -1 -1 -1 -1 -1 -1 -1 -1 -1 -1 -1 -1 
-1 -1 -1 -1 -1 -1 -1 -1 -1 -1 -1 -1 22.1701 -1 22.66 90.4528 22.9636 23.2467 23.2467 23.2467 23.8314 23.8314 44.0944 44.0944 45.0491 24.6419 45.6078 45.879 25.1633 25.3574 25.3574 25.3574 47.3252 65.2993 26.8804 26.8804 26.8804 91.1107 91.1107 92.5801 92.5801 28.5702 28.5702 29.0294 29.0294 88.8586 30.1405 90.4528 31.1279 31.1279 31.1279 31.7549 31.7549 32.3781 32.3781 32.7129 32.7129 42.5598 32.0732 32.0732 73.1277 73.1277 94.0146 94.0146 -1 -1 -1 -1 -1 -1 -1 -1 -1 -1 -1 -1 -1 -1 -1 -1 -1 -1 -1 -1 -1 
-1 -1 -1 -1 -1 -1 -1 -1 -1 -1 -1 -1 -1 -1 -1 -1 -1 -1 28.0272 93.3247 23.5893 94.9532 95.6775 24.1729 24.6419 24.6419 24.6419 45.879 45.879 46.6025 25.6541 47.3252 26.0772 26.0772 41.875 26.7391 43.0267 49.7572 27.5001 25.1911 98.0054 28.2957 94.6507 29.0659 17.9406 30.1405 30.1405 30.1405 43.3784 31.3944 73.1277 32.0363 94.0146 32.7235 95.6775 33.1255 42.5598 32.0732 32.0732 32.0732 73.1277 73.1277 94.0146 94.0146 33.9026 34.6074 34.6074 35.2079 35.2079 35.5297 35.5297 36.5349 36.5349 37.2545 37.2545 37.6976 37.6976 -1 -1 -1 -1 -1 -1 -1 -1 
-1 -1 -1 -1 -1 -1 -1 -1 -1 -1 -1 -1 -1 -1 -1 -1 -1 -1 -1 -1 -1 -1 95.6775 95.6775 97.195 24.4525 98.831 99.639 25.1505 25.6541 25.6541 25.6541 26.0772 26.0772 110.167 26.7391 26.7391 49.7572 49.7572 25.1911 25.1911 28.2957 28.2957 29.0659 29.0659 159.188 29.8633 98.6223 31.3944 31.3944 31.3944 32.0363 32.0363 32.7235 32.7235 33.1255 33.1255 97.8248 32.9564 99.639 100.2 33.1417 101.767 33.9026 34.6074 34.6074 34.6074 35.2079 35.2079 35.5297 35.5297 36.5349 36.5349 37.2545 37.2545 37.6976 37.6976 284.058 -1 -1 -1 -1 -1 -1 -1 
-1 -1 -1 -1 -1 -1 -1 -1 -1 -1 -1 21.1671 21.1671 42.303 42.303 43.0387 43.0387 44.1986 44.1986 44.5112 44.5112 45.0411 45.0411 86.3074 -1 -1 -1 -1 99.639 101.151 25.5614 102.41 26.1344 110.167 26.5831 26.5831 49.2378 91.113 27.3826 67.8911 50.9033 28.3741 51.5242 28.7994 284.058 29.8633 29.8633 29.8633 99.2225 31.3503 100.834 31.9543 102.383 32.4585 108.591 33.0612 196.789 32.9564 32.9564 32.9564 100.2 100.2 101.767 101.767 103.493 35.1582 196.789 35.8423 72.7114 36.4514 100.2 37.1146 101.767 37.7634 103.493 38.0537 284.058 38.9213 -1 -1 -1 -1 -1 -1 -1 
-1 -1 -1 -1 -1 -1 -1 -1 -1 -1 -1 21.1671 21.1671 42.303 42.303 43.0387 43.0387 44.1986 44.1986 44.5112 44.5112 45.0411 45.0411 44.4152 44.8448 44.8448 45.7362 45.7362 25.0078 25.5614 25.5614 25.5614 26.1344 26.1344 26.5831 26.5831 89.9056 91.113 91.113 67.8911 67.8911 28.3741 28.3741 28.7994 28.7994 88.8969 29.8977 90.2815 31.3503 31.3503 31.3503 31.9543 31.9543 32.4585 32.4585 33.0612 33.0612 90.2815 33.3409 91.8843 92.4498 33.8539 93.9561 34.4031 35.1582 35.1582 35.1582 35.8423 35.8423 36.4514 36.4514 37.1146 37.1146 37.7634 37.7634 38.0537 38.0537 38.9213 38.9213 -1 -1 -1 -1 -1 -1 
-1 -1 -1 -1 -1 -1 -1 -1 -1 -1 -1 42.1802 65.5989 89.0392 89.5952 90.6592 91.113 92.0588 67.8911 93.3798 44.7687 94.6199 44.4152 44.8448 44.8448 44.8448 45.7362 45.7362 46.0671 93.3798 25.504 47.2359 26.0685 88.6505 26.5515 89.9056 27.1448 27.1448 27.4737 92.6965 93.3798 28.1821 94.6199 28.8268 88.6505 29.8977 29.8977 29.8977 91.5052 31.0406 92.4498 31.8458 93.9561 32.4436 88.6505 32.8995 89.9056 33.3409 33.3409 33.3409 92.4498 92.4498 93.9561 93.9561 42.1802 35.553 89.0392 36.0132 90.6592 36.8239 92.0588 37.1774 93.3798 38.1094 94.6199 38.7356 88.6505 39.4058 89.9056 -1 -1 -1 -1 -1 -1 
-1 -1 -1 -1 -1 -1 -1 -1 -1 -1 -1 -1 42.1802 89.0392 89.0392 90.6592 90.6592 92.0588 92.0588 93.3798 93.3798 94.6199 94.6199 44.5332 44.8096 45.4071 45.5798 46.0671 46.2318 46.2318 25.504 25.504 26.0685 26.0685 26.5515 26.5515 27.1448 27.1448 43.4799 92.6965 92.6965 28.1821 28.1821 28.8268 28.8268 88.9995 29.7812 90.6081 31.0406 31.0406 31.0406 31.8458 31.8458 32.4436 32.4436 32.8995 32.8995 90.6081 33.3858 91.9888 92.7236 33.9258 93.9236 34.7694 35.553 35.553 35.553 36.0132 36.0132 36.8239 36.8239 37.1774 37.1774 38.1094 38.1094 38.7356 38.7356 39.4058 39.4058 -1 -1 -1 -1 -1 -1 
-1 -1 -1 -1 -1 -1 -1 -1 -1 -1 -1 -1 -1 -1 -1 -1 -1 -1 92.6965 93.3693 94.0679 94.7383 95.3373 44.8096 44.8096 44.8096 45.5798 45.5798 46.2318 46.2318 46.7116 47.3956 26.0375 17.7797 26.5207 42.6736 26.9028 43.4799 27.5909 27.5909 93.3693 28.2341 94.7383 28.8852 17.7797 29.7812 29.7812 29.7812 43.4799 30.905 92.7236 31.6193 93.9236 32.4518 95.3404 32.9523 42.6736 33.3858 33.3858 33.3858 92.7236 92.7236 93.9236 93.9236 95.3404 35.5747 96.6685 36.3284 43.0615 37.0137 68.0023 38.1181 93.3693 38.7083 94.7383 39.3839 95.9682 39.8394 42.6736 -1 -1 -1 -1 -1 -1 
-1 -1 -1 -1 -1 -1 -1 -1 -1 -1 -1 -1 -1 -1 -1 -1 -1 -1 -1 -1 -1 -1 -1 -1 -1 -1 98.0448 99.1645 100.232 46.7116 101.595 101.595 26.0375 26.0375 26.5207 26.5207 26.9028 26.9028 27.5909 27.5909 50.2014 28.2341 28.2341 28.8852 28.8852 46.1223 29.7122 98.0448 30.905 30.905 30.905 31.6193 31.6193 32.4518 32.4518 32.9523 32.9523 71.917 33.3793 99.2146 47.9579 34.3397 48.5226 34.8967 35.5747 35.5747 35.5747 36.3284 36.3284 37.0137 37.0137 38.1181 38.1181 38.7083 38.7083 39.3839 39.3839 39.8394 39.8394 -1 -1 -1 -1 -1 -1 
-1 -1 -1 -1 -1 -1 -1 -1 -1 -1 -1 -1 -1 -1 -1 -1 -1 -1 -1 -1 -1 -1 -1 -1 -1 -1 -1 -1 -1 -1 -1 -1 26.0153 104.415 26.6105 106.738 27.2567 49.7983 27.5764 50.2014 28.1487 28.1487 51.4977 28.8921 52.5924 29.7122 29.7122 29.7122 47.6436 30.7642 47.8924 31.4774 49.25 32.2901 104.508 32.7008 106.763 33.3793 33.3793 33.3793 47.9579 47.9579 48.5226 48.5226 76.6055 35.8194 105.699 36.381 107.875 37.2149 47.9579 37.7736 48.5226 38.7978 76.6055 39.6816 105.699 40.3569 107.875 -1 -1 -1 -1 -1 -1 
-1 -1 -1 -1 -1 -1 -1 -1 -1 -1 -1 -1 -1 -1 -1 -1 -1 -1 23.2919 23.2919 23.8018 23.8018 -1 -1 -1 -1 -1 -1 -1 -1 -1 26.0153 26.0153 26.0153 26.6105 26.6105 27.2567 27.2567 27.5764 27.5764 28.1487 28.1487 94.1519 28.8921 28.8921 53.3397 29.9365 54.5173 30.7642 30.7642 30.7642 31.4774 31.4774 32.2901 32.2901 32.7008 32.7008 107.965 33.4278 109.45 68.7063 34.5853 94.1519 35.144 35.8194 35.8194 35.8194 36.381 36.381 37.2149 37.2149 37.7736 37.7736 38.7978 38.7978 39.6816 39.6816 40.3569 40.3569 -1 -1 -1 -1 -1 -1 
-1 -1 -1 -1 -1 -1 -1 -1 -1 -1 -1 -1 -1 -1 -1 -1 -1 23.2919 23.2919 23.2919 23.8018 23.8018 95.2114 96.7894 96.7894 47.0464 47.0464 99.1164 99.1164 46.5613 46.5613 95.2114 48.1211 48.335 26.722 106.703 27.1907 49.5827 27.644 68.7063 28.2613 94.1519 29.0052 29.0052 96.7894 29.9365 29.9365 29.9365 99.1164 30.9235 68.7063 31.464 94.1519 31.9944 95.9849 32.5328 71.7566 33.4278 33.4278 33.4278 68.7063 68.7063 94.1519 94.1519 95.9849 35.7182 71.7566 36.2661 73.3333 37.1447 73.7711 37.8657 93.0846 39.1729 95.2114 40.0276 96.7894 40.8809 47.0464 -1 -1 -1 -1 -1 -1 
-1 -1 -1 -1 -1 -1 -1 -1 -1 -1 -1 -1 -1 -1 -1 -1 -1 -1 23.2159 93.0846 23.6794 95.2114 96.7894 96.7894 96.7894 47.0464 47.0464 99.1164 99.1164 46.5613 46.5613 25.7433 48.1211 48.1211 26.722 26.722 27.1907 27.1907 27.644 27.644 28.2613 28.2613 29.0052 29.0052 96.0745 97.4529 29.8815 99.3004 30.9235 30.9235 30.9235 31.464 31.464 31.9944 31.9944 32.5328 32.5328 98.5639 32.9777 99.5724 100.98 34.1566 69.9862 34.9837 35.7182 35.7182 35.7182 36.2661 36.2661 37.1447 37.1447 37.8657 37.8657 39.1729 39.1729 40.0276 40.0276 40.8809 40.8809 -1 -1 -1 -1 -1 -1 
-1 -1 -1 -1 -1 -1 -1 -1 -1 -1 -1 -1 -1 -1 -1 -1 -1 -1 -1 23.2159 23.6794 23.6794 24.2955 96.8677 24.6247 98.4778 24.9484 100.155 25.4117 101.827 25.7433 47.4982 47.4982 48.4871 48.8531 49.3729 27.2741 50.0386 27.733 50.9125 28.5014 69.9862 29.0343 96.0745 29.5629 29.5629 29.8815 29.8815 100.155 30.9999 19.882 31.4032 69.9862 32.0058 96.0745 32.3749 97.6694 32.9777 32.9777 32.9777 100.98 100.98 69.9862 69.9862 96.0745 35.3611 97.6694 36.2566 99.2247 37.1385 100.98 38.1821 44.6795 38.9617 95.1447 39.7482 96.8677 40.814 98.4778 -1 -1 -1 -1 -1 -1 
-1 -1 -1 -1 -1 -1 -1 -1 -1 -1 -1 -1 -1 -1 -1 -1 -1 -1 -1 -1 -1 -1 -1 96.8677 96.8677 98.4778 98.4778 100.155 100.155 101.827 101.827 47.4982 47.4982 26.1159 48.8531 48.8531 27.2741 27.2741 27.733 27.733 28.5014 28.5014 29.0343 29.0343 29.5629 29.5629 53.1319 99.1842 30.9999 30.9999 30.9999 31.4032 31.4032 32.0058 32.0058 32.3749 32.3749 103.809 32.6806 100.062 49.0125 33.8648 48.9196 34.638 35.3611 35.3611 35.3611 36.2566 36.2566 37.1385 37.1385 38.1821 38.1821 38.9617 38.9617 39.7482 39.7482 40.814 40.814 -1 -1 -1 -1 -1 -1 
-1 -1 -1 -1 -1 -1 -1 -1 -1 -1 -1 -1 -1 -1 -1 -1 -1 -1 -1 -1 -1 -1 -1 -1 -1 -1 -1 -1 -1 -1 -1 -1 -1 -1 -1 54.704 107.461 49.9454 27.7281 50.654 28.3139 51.7296 28.8342 52.5128 29.6096 53.1319 30.1341 30.1341 47.3493 30.6694 49.2603 31.2416 49.4886 31.8785 50.3552 -1 -1 -1 -1 -1 -1 -1 -1 -1 -1 35.0922 -1 35.8706 107.461 36.9674 49.0125 37.5618 48.9196 38.6846 50.0292 39.5346 50.8323 40.5175 107.461 -1 -1 -1 -1 -1 -1 
-1 -1 -1 -1 -1 -1 -1 -1 -1 -1 -1 -1 -1 -1 -1 -1 -1 -1 -1 -1 -1 -1 -1 -1 -1 -1 -1 -1 -1 -1 -1 -1 -1 -1 -1 -1 -1 -1 -1 -1 -1 -1 -1 -1 -1 -1 -1 -1 -1 -1 -1 -1 -1 -1 -1 -1 -1 -1 -1 -1 -1 -1 -1 -1 -1 -1 -1 -1 -1 -1 -1 -1 37.5618 38.6846 38.6846 39.5346 39.5346 40.5175 40.5175 -1 -1 -1 -1 -1 -1 
-1 -1 -1 -1 -1 -1 -1 -1 -1 -1 -1 -1 -1 -1 -1 -1 -1 -1 -1 -1 -1 -1 -1 -1 -1 -1 -1 -1 -1 -1 -1 -1 -1 -1 -1 -1 -1 -1 -1 -1 -1 -1 -1 -1 -1 -1 -1 -1 -1 -1 -1 -1 -1 -1 -1 -1 -1 -1 -1 -1 -1 -1 -1 -1 -1 -1 -1 -1 -1 -1 -1 -1 -1 -1 -1 -1 -1 -1 -1 -1 -1 -1 -1 -1 -1 
-1 -1 -1 -1 -1 -1 -1 -1 -1 -1 -1 -1 -1 -1 -1 -1 -1 -1 -1 -1 -1 -1 -1 -1 -1 -1 -1 -1 -1 -1 -1 -1 -1 -1 -1 -1 -1 -1 -1 -1 -1 -1 -1 -1 -1 -1 -1 -1 -1 -1 -1 -1 -1 -1 -1 -1 -1 -1 -1 -1 -1 -1 -1 -1 -1 -1 -1 -1 -1 -1 -1 -1 -1 -1 -1 -1 -1 -1 -1 -1 -1 -1 -1 -1 -1 
-1 -1 -1 -1 -1 -1 -1 -1 -1 -1 -1 -1 -1 -1 -1 -1 -1 -1 -1 -1 -1 -1 -1 -1 -1 -1 -1 -1 -1 -1 -1 -1 -1 -1 -1 -1 -1 -1 -1 -1 -1 -1 -1 -1 -1 -1 -1 -1 -1 -1 -1 -1 -1 -1 -1 -1 -1 -1 -1 -1 -1 -1 -1 -1 -1 -1 -1 -1 -1 -1 -1 -1 -1 -1 -1 -1 -1 -1 -1 -1 -1 -1 -1 -1 -1 
-1 -1 -1 -1 -1 -1 -1 -1 -1 -1 -1 -1 -1 -1 -1 -1 -1 -1 -1 -1 -1 -1 -1 -1 -1 -1 -1 -1 -1 -1 -1 -1 -1 -1 -1 -1 -1 -1 -1 -1 -1 -1 -1 -1 -1 -1 -1 -1 -1 -1 -1 -1 -1 -1 -1 -1 -1 -1 -1 -1 -1 -1 -1 -1 -1 -1 -1 -1 -1 -1 -1 -1 -1 -1 -1 -1 -1 -1 -1 -1 -1 -1 -1 -1 -1 
-1 -1 -1 -1 -1 -1 -1 -1 -1 -1 -1 -1 -1 -1 -1 -1 -1 -1 -1 -1 -1 -1 -1 -1 -1 -1 -1 -1 -1 -1 -1 -1 -1 -1 -1 -1 -1 -1 -1 -1 -1 -1 -1 -1 -1 -1 -1 -1 -1 -1 -1 -1 -1 -1 -1 -1 -1 -1 -1 -1 -1 -1 -1 -1 -1 -1 -1 -1 -1 -1 -1 -1 -1 -1 -1 -1 -1 -1 -1 -1 -1 -1 -1 -1 -1 
-1 -1 -1 -1 -1 -1 -1 -1 -1 -1 -1 -1 -1 -1 -1 -1 -1 -1 -1 -1 -1 -1 -1 -1 -1 -1 -1 -1 -1 -1 -1 -1 -1 -1 -1 -1 -1 -1 -1 -1 -1 -1 -1 -1 -1 -1 -1 -1 -1 -1 -1 -1 -1 -1 -1 -1 -1 -1 -1 -1 -1 -1 -1 -1 -1 -1 -1 -1 -1 -1 -1 -1 -1 -1 -1 -1 -1 -1 -1 -1 -1 -1 -1 -1 -1 
