-1 -1 -1 -1 -1 -1 -1 -1 -1 -1 -1 -1 -1 -1 -1 -1 -1 -1 -1 -1 -1 -1 -1 -1 -1 -1 -1 -1 -1 -1 -1 -1 -1 -1 -1 -1 -1 -1 -1 -1 -1 -1 -1 -1 -1 -1 -1 -1 -1 -1 -1 -1 -1 -1 -1 -1 -1 -1 -1 -1 -1 -1 -1 -1 -1 -1 -1 -1 -1 -1 -1 -1 -1 -1 -1 -1 -1 -1 -1 -1 -1 -1 -1 -1 -1 
-1 -1 -1 -1 -1 -1 -1 -1 -1 -1 -1 -1 -1 -1 -1 -1 -1 -1 -1 -1 -1 -1 -1 -1 -1 -1 -1 -1 -1 -1 -1 -1 -1 -1 -1 -1 -1 -1 -1 -1 -1 -1 -1 -1 -1 -1 -1 -1 -1 -1 -1 -1 -1 -1 -1 -1 -1 -1 -1 -1 -1 -1 -1 -1 -1 -1 -1 -1 -1 -1 -1 -1 -1 -1 -1 -1 -1 -1 -1 -1 -1 -1 -1 -1 -1 
-1 -1 -1 -1 -1 -1 -1 -1 -1 -1 -1 -1 -1 -1 -1 -1 -1 -1 -1 -1 -1 -1 -1 -1 -1 -1 -1 -1 -1 -1 -1 -1 -1 -1 -1 -1 -1 -1 -1 -1 -1 -1 -1 -1 -1 -1 -1 -1 -1 -1 -1 -1 -1 -1 -1 -1 -1 -1 -1 -1 -1 -1 -1 -1 -1 -1 -1 -1 -1 -1 -1 -1 -1 -1 -1 -1 -1 -1 -1 -1 -1 -1 -1 -1 -1 
-1 -1 -1 -1 -1 -1 -1 -1 -1 -1 -1 -1 -1 -1 -1 -1 -1 -1 -1 -1 -1 -1 -1 -1 -1 -1 -1 -1 -1 -1 -1 -1 -1 -1 -1 -1 -1 -1 -1 -1 -1 -1 -1 -1 -1 -1 -1 -1 -1 -1 -1 -1 -1 -1 -1 -1 -1 -1 -1 -1 -1 -1 -1 -1 -1 -1 -1 -1 -1 -1 -1 -1 -1 -1 -1 -1 -1 -1 -1 -1 -1 -1 -1 -1 -1 
-1 -1 -1 -1 -1 -1 -1 -1 -1 -1 -1 -1 -1 -1 -1 -1 -1 -1 -1 -1 -1 -1 -1 -1 -1 -1 -1 -1 -1 -1 -1 -1 -1 -1 -1 -1 -1 -1 -1 -1 -1 -1 -1 -1 -1 -1 -1 -1 -1 -1 -1 -1 -1 -1 -1 -1 -1 -1 -1 -1 -1 -1 -1 -1 -1 -1 -1 -1 -1 -1 -1 -1 -1 -1 -1 -1 -1 -1 -1 -1 -1 -1 -1 -1 -1 
-1 -1 -1 -1 -1 -1 -1 -1 -1 -1 -1 -1 -1 -1 -1 -1 -1 -1 -1 -1 -1 -1 -1 -1 -1 -1 -1 -1 -1 -1 -1 -1 -1 -1 -1 -1 -1 -1 -1 -1 -1 -1 -1 -1 -1 -1 -1 -1 -1 -1 -1 -1 -1 -1 -1 -1 -1 -1 -1 -1 -1 -1 -1 -1 -1 -1 -1 -1 -1 -1 -1 -1 -1 -1 -1 -1 -1 -1 -1 -1 -1 -1 -1 -1 -1 
-1 -1 -1 -1 -1 -1 -1 -1 -1 -1 -1 -1 -1 -1 -1 -1 -1 -1 -1 -1 -1 -1 -1 -1 -1 -1 -1 -1 -1 -1 -1 -1 -1 -1 -1 -1 -1 -1 -1 -1 -1 -1 -1 -1 -1 -1 -1 -1 -1 -1 -1 -1 -1 -1 -1 -1 -1 -1 -1 -1 -1 -1 -1 -1 -1 -1 -1 -1 -1 -1 -1 -1 -1 -1 -1 -1 -1 -1 -1 -1 -1 -1 -1 -1 -1 
-1 -1 -1 -1 -1 -1 -1 -1 -1 -1 -1 -1 -1 -1 -1 -1 -1 -1 -1 -1 -1 -1 -1 -1 -1 -1 -1 -1 -1 -1 -1 -1 -1 -1 -1 -1 -1 -1 -1 -1 -1 -1 -1 -1 -1 -1 -1 -1 -1 -1 -1 -1 -1 -1 -1 -1 -1 -1 -1 -1 -1 -1 -1 -1 -1 -1 -1 -1 -1 -1 -1 -1 -1 -1 -1 -1 -1 -1 -1 -1 -1 -1 -1 -1 -1 
-1 -1 -1 -1 -1 -1 -1 -1 -1 -1 -1 -1 -1 -1 -1 -1 -1 -1 -1 -1 -1 -1 -1 -1 -1 -1 -1 -1 -1 -1 -1 -1 -1 -1 -1 -1 -1 -1 -1 -1 -1 -1 -1 -1 -1 -1 -1 -1 -1 -1 -1 -1 -1 -1 -1 -1 -1 -1 -1 -1 -1 -1 -1 -1 -1 -1 -1 -1 -1 -1 -1 -1 -1 -1 -1 -1 -1 -1 -1 -1 -1 -1 -1 -1 -1 
-1 -1 -1 -1 -1 -1 -1 -1 -1 -1 -1 -1 -1 -1 -1 -1 -1 -1 -1 -1 -1 -1 -1 -1 -1 -1 -1 -1 -1 -1 -1 -1 -1 -1 -1 -1 -1 -1 -1 -1 -1 -1 -1 -1 -1 -1 -1 -1 -1 -1 -1 -1 -1 -1 -1 -1 -1 -1 -1 -1 -1 -1 -1 -1 -1 -1 -1 -1 -1 -1 -1 -1 -1 -1 -1 -1 -1 -1 -1 -1 -1 -1 -1 -1 -1 
-1 -1 -1 -1 -1 -1 -1 -1 -1 -1 -1 -1 -1 -1 -1 -1 -1 -1 -1 -1 -1 -1 -1 -1 -1 -1 -1 -1 -1 -1 -1 -1 -1 -1 -1 -1 -1 -1 -1 -1 -1 -1 -1 -1 -1 -1 -1 -1 -1 -1 -1 -1 -1 -1 -1 -1 -1 -1 -1 -1 -1 -1 -1 -1 -1 -1 -1 -1 -1 -1 -1 -1 -1 -1 -1 -1 -1 -1 -1 -1 -1 -1 -1 -1 -1 
-1 -1 -1 -1 -1 -1 -1 -1 -1 -1 -1 -1 -1 -1 -1 -1 -1 -1 -1 -1 -1 -1 -1 -1 -1 -1 -1 -1 -1 -1 -1 -1 -1 -1 -1 -1 -1 -1 -1 -1 -1 -1 -1 -1 -1 -1 -1 -1 -1 -1 -1 -1 -1 -1 -1 -1 -1 -1 -1 -1 -1 -1 -1 -1 -1 -1 -1 -1 -1 -1 -1 -1 -1 -1 -1 -1 -1 -1 -1 -1 -1 -1 -1 -1 -1 
-1 -1 -1 -1 -1 -1 -1 -1 -1 -1 -1 -1 -1 -1 -1 -1 -1 -1 -1 -1 -1 -1 -1 -1 -1 -1 -1 -1 -1 -1 -1 -1 -1 -1 -1 -1 -1 -1 -1 -1 -1 -1 -1 -1 -1 -1 -1 -1 -1 -1 -1 -1 -1 -1 -1 -1 -1 -1 -1 -1 -1 -1 -1 -1 -1 -1 -1 -1 -1 -1 -1 -1 -1 -1 -1 -1 -1 -1 -1 -1 -1 -1 -1 -1 -1 
-1 -1 -1 -1 -1 -1 -1 -1 -1 -1 -1 -1 -1 -1 -1 -1 -1 -1 -1 -1 -1 -1 -1 -1 -1 -1 -1 -1 -1 -1 -1 -1 -1 -1 -1 -1 -1 -1 -1 -1 -1 -1 -1 -1 -1 -1 -1 -1 -1 -1 -1 -1 -1 -1 -1 -1 -1 -1 -1 -1 -1 -1 -1 -1 -1 -1 -1 -1 -1 -1 -1 -1 -1 -1 -1 -1 -1 -1 -1 -1 -1 -1 -1 -1 -1 
-1 -1 -1 -1 -1 -1 -1 -1 -1 -1 -1 -1 -1 -1 -1 -1 -1 -1 -1 -1 -1 -1 -1 -1 -1 -1 -1 -1 -1 -1 -1 -1 -1 -1 -1 -1 -1 -1 -1 -1 -1 -1 -1 -1 -1 -1 -1 -1 -1 -1 -1 -1 -1 -1 -1 -1 -1 -1 -1 -1 -1 -1 -1 -1 -1 -1 -1 -1 -1 -1 -1 -1 -1 -1 -1 -1 -1 -1 -1 -1 -1 -1 -1 -1 -1 
-1 -1 -1 -1 -1 -1 -1 -1 -1 -1 -1 -1 -1 -1 -1 -1 -1 -1 -1 -1 -1 -1 -1 -1 -1 -1 -1 -1 -1 -1 -1 -1 -1 -1 -1 -1 -1 -1 -1 -1 -1 -1 -1 -1 -1 -1 -1 -1 -1 -1 -1 -1 -1 -1 -1 -1 -1 -1 -1 -1 -1 -1 -1 -1 -1 -1 -1 -1 -1 -1 -1 -1 -1 -1 -1 -1 -1 -1 -1 -1 -1 -1 -1 -1 -1 
-1 -1 -1 -1 -1 -1 -1 -1 -1 -1 -1 -1 -1 -1 -1 -1 -1 -1 -1 -1 -1 -1 -1 -1 -1 -1 -1 -1 -1 -1 -1 -1 -1 -1 -1 -1 -1 -1 -1 -1 -1 -1 -1 -1 -1 -1 -1 -1 -1 -1 -1 -1 -1 -1 -1 -1 -1 -1 -1 -1 -1 -1 -1 -1 -1 -1 -1 -1 -1 -1 -1 -1 -1 -1 -1 -1 -1 -1 -1 -1 -1 -1 -1 -1 -1 
-1 -1 -1 -1 -1 -1 -1 -1 -1 -1 -1 -1 -1 -1 -1 -1 -1 -1 -1 -1 -1 -1 -1 -1 -1 -1 -1 -1 -1 -1 -1 -1 -1 -1 -1 -1 -1 -1 -1 -1 -1 -1 -1 -1 -1 -1 -1 -1 -1 -1 -1 -1 -1 -1 -1 -1 -1 -1 -1 -1 -1 -1 -1 -1 -1 -1 -1 -1 -1 -1 -1 -1 -1 -1 -1 -1 -1 -1 -1 -1 -1 -1 -1 -1 -1 
-1 -1 -1 -1 -1 -1 -1 -1 -1 -1 -1 -1 -1 -1 -1 -1 -1 -1 -1 -1 -1 -1 -1 -1 -1 -1 -1 -1 -1 -1 -1 -1 -1 -1 -1 -1 -1 -1 -1 -1 -1 -1 -1 -1 -1 -1 -1 -1 -1 -1 -1 -1 -1 -1 -1 -1 -1 -1 -1 -1 -1 -1 -1 -1 -1 -1 -1 -1 -1 -1 -1 -1 -1 -1 -1 -1 -1 -1 -1 -1 -1 -1 -1 -1 -1 
-1 -1 -1 -1 -1 -1 -1 -1 -1 -1 -1 -1 -1 -1 -1 -1 -1 -1 -1 -1 -1 -1 -1 -1 -1 -1 -1 -1 -1 -1 -1 -1 -1 -1 -1 -1 -1 -1 -1 -1 -1 -1 -1 -1 -1 -1 -1 -1 -1 -1 -1 -1 -1 -1 -1 -1 -1 -1 -1 -1 -1 -1 -1 -1 -1 -1 -1 -1 -1 -1 -1 -1 -1 -1 -1 -1 -1 -1 -1 -1 -1 -1 -1 -1 -1 
-1 -1 -1 -1 -1 -1 -1 -1 -1 -1 -1 -1 -1 -1 -1 -1 -1 -1 -1 -1 -1 -1 -1 -1 -1 -1 -1 -1 -1 -1 -1 -1 -1 -1 -1 -1 -1 -1 -1 -1 -1 -1 -1 -1 -1 -1 -1 -1 -1 -1 -1 -1 -1 -1 -1 -1 -1 -1 -1 -1 -1 -1 -1 -1 -1 -1 -1 -1 -1 -1 -1 -1 -1 -1 -1 -1 -1 -1 -1 -1 -1 -1 -1 -1 -1 
-1 -1 -1 -1 -1 -1 -1 -1 -1 -1 -1 -1 -1 -1 -1 -1 -1 -1 -1 -1 -1 -1 -1 -1 -1 -1 -1 -1 -1 -1 -1 -1 -1 -1 -1 -1 -1 -1 -1 -1 -1 -1 -1 -1 -1 -1 -1 -1 -1 -1 -1 -1 -1 -1 -1 -1 -1 -1 -1 -1 -1 -1 -1 -1 -1 -1 -1 -1 -1 -1 -1 -1 -1 -1 -1 -1 -1 -1 -1 -1 -1 -1 -1 -1 -1 
-1 -1 -1 -1 -1 -1 -1 -1 -1 -1 -1 -1 -1 -1 -1 -1 -1 -1 -1 -1 -1 -1 -1 -1 -1 -1 -1 -1 -1 -1 -1 -1 -1 -1 -1 -1 -1 -1 -1 -1 -1 -1 -1 -1 -1 -1 -1 -1 -1 -1 -1 -1 -1 -1 -1 -1 -1 -1 -1 -1 -1 -1 -1 -1 -1 -1 -1 -1 -1 -1 -1 -1 -1 -1 -1 -1 -1 -1 -1 -1 -1 -1 -1 -1 -1 
-1 -1 -1 -1 -1 -1 -1 -1 -1 -1 -1 -1 -1 -1 -1 -1 -1 -1 -1 -1 -1 -1 -1 -1 -1 -1 -1 -1 -1 -1 -1 -1 -1 -1 -1 -1 -1 -1 -1 -1 -1 -1 -1 -1 -1 -1 -1 -1 -1 -1 -1 -1 -1 -1 -1 -1 -1 -1 -1 -1 -1 -1 -1 -1 -1 -1 -1 -1 -1 -1 -1 -1 -1 -1 -1 -1 -1 -1 -1 -1 -1 -1 -1 -1 -1 
-1 -1 -1 -1 -1 -1 -1 -1 -1 -1 -1 -1 -1 -1 -1 -1 -1 -1 -1 -1 -1 -1 -1 -1 -1 -1 -1 -1 -1 -1 -1 -1 -1 -1 -1 -1 -1 -1 -1 -1 -1 -1 -1 -1 -1 -1 -1 -1 -1 -1 -1 -1 -1 -1 -1 -1 -1 -1 -1 -1 -1 -1 -1 -1 -1 -1 -1 -1 -1 -1 -1 -1 -1 -1 -1 -1 -1 -1 -1 -1 -1 -1 -1 -1 -1 
-1 -1 -1 -1 -1 -1 -1 -1 -1 -1 -1 -1 -1 -1 -1 -1 -1 -1 -1 -1 -1 -1 -1 -1 -1 -1 -1 -1 -1 -1 -1 -1 -1 -1 -1 -1 -1 -1 -1 -1 -1 -1 -1 -1 -1 -1 -1 -1 -1 -1 -1 -1 -1 -1 -1 -1 -1 -1 -1 -1 -1 -1 -1 -1 -1 -1 -1 -1 -1 -1 -1 -1 -1 -1 -1 -1 -1 -1 -1 -1 -1 -1 -1 -1 -1 
-1 -1 -1 -1 -1 -1 -1 -1 -1 -1 -1 -1 -1 -1 -1 -1 -1 -1 -1 -1 -1 -1 -1 -1 -1 -1 -1 -1 -1 -1 -1 -1 -1 -1 -1 -1 -1 -1 -1 -1 -1 -1 -1 -1 -1 -1 -1 -1 -1 -1 -1 -1 -1 -1 -1 -1 -1 -1 -1 -1 -1 -1 -1 -1 -1 -1 -1 -1 -1 -1 -1 -1 -1 -1 -1 -1 -1 -1 -1 -1 -1 -1 -1 -1 -1 
-1 -1 -1 -1 -1 -1 -1 -1 -1 -1 -1 -1 -1 -1 -1 -1 -1 -1 -1 -1 -1 -1 -1 -1 -1 -1 -1 -1 -1 -1 -1 -1 -1 -1 -1 -1 -1 -1 0.489559 -1.22627 0.0800756 -1 -1 -1 -1 -1 -1 -1 -1 -1 -1 -1 -1 -1 -1 -1 -1 -1 -1 -1 -1 -1 -1 -1 -1 -1 -1 -1 -1 -1 -1 -1 -1 -1 -1 -1 -1 -1 -1 -1 -1 -1 -1 -1 -1 
-1 -1 -1 -1 -1 -1 -1 -1 -1 -1 -1 -1 -1 -1 -1 -1 -1 -1 -1 -1 -1 -1 -1 -1 -1 -1 -1 -1 -1 -1 -1 -1 -1 -1 -1 -1 -1 -1.06463 -1.05322 28.3694 -1.01168 -0.840019 -1 -1 -1 -1 -1 -1 -1 -1 -1 -1 -1 -1 -1 -1 -1 -1 -1 -1 -1 -1 -1 -1 -1 -1 -1 -1 -1 -1 -1 -1 -1 -1 -1 -1 -1 -1 -1 -1 -1 -1 -1 -1 -1 
-1 -1 -1 -1 -1 -1 -1 -1 -1 -1 -1 -1 -1 -1 -1 -1 -1 -1 -1 -1 -1 -1 -1 -1 -1 -1 -1 -1 -1 -1 -1 -1 -1 -1 -1 -1 -1 -0.997885 28.4154 28.314 28.3832 -1.01389 -1 -1 -1 -1 -1 -1 -1 -1 -1 -1 -1 -1 -1 -1 -1 -1 -1 -1 -1 -1 -1 -1 -1 -1 -1 -1 -1 -1 -1 -1 -1 -1 -1 -1 -1 -1 -1 -1 -1 -1 -1 -1 -1 
-1 -1 -1 -1 -1 -1 -1 -1 -1 -1 -1 -1 -1 -1 -1 -1 -1 -1 -1 -1 -1 -1 -1 -1 -1 -1 -1 -1 -1 -1 -1 -1 -1 -1 -1 -1 -1 -0.971557 26.3713 28.8449 83.8314 -1.04921 -1452.1 -1 -1 -1 -1 -1 -1 -1 -1 -1 -1 -1 -1 -1 -1 -1 -1 -1 -1 -1 -1 -1 -1 -1 -1 -1 -1 -1 -1 -1 -1 -1 -1 -1 -1 -1 -1 -1 -1 -1 -1 -1 -1 
-1 -1 -1 -1 -1 -1 -1 -1 -1 -1 -1 -1 -1 -1 -1 -1 -1 -1 -1 -1 -1 -1 -1 -1 -1 -1 -1 -1 -1 -1 -1 -1 -1 -1 -1 -1 -1 -0.973454 28.6966 28.6803 28.798 113.896 -0.736715 -1 -1 -1 -1 -1 -1 -1 -1 -1 -1 -1 -1 -1 -1 -1 -1 -1 -1 -1 -1 -1 -1 -1 -1 -1 -1 -1 -1 -1 -1 -1 -1 -1 -1 -1 -1 -1 -1 -1 -1 -1 -1 
-1 -1 -1 -1 -1 -1 -1 -1 -1 -1 -1 -1 -1 -1 -1 -1.09154 -0.952359 -0.925467 -0.99186 -0.74338 -1.07255 0.479639 -1 -1 -1 -1 -1 -1 -1 -1 -1 -1 -1 -1 -1 -1 -1 -0.920144 54.6336 29.0689 115.817 29.1463 -1.03236 -0.861139 -1 -1 -1 -1 -1 -1 -1 -1 -1 -1 -1 -1 -1 -1 -1 -1 -1 -1 -1 -1 -1 -1 -1 -1 -1 -1 -1 -1 -1 -1 -1 -1 -1 -1 -1 -1 -1 -1 -1 -1 -1 
-1 -1 -1 -1 -1 -1 -1 -1 -1 -1 -1 -1 -1 -1 -2.4467 -0.973911 22.5834 22.613 23.017 22.9787 23.3827 23.2527 -1.03819 -0.756208 -0.249517 -6.42424 -1 -1 -1 -1 -1 -1 -1 -1 -1 -1 -1 -0.97233 28.7909 28.5253 28.6674 29.2208 29.1374 -0.990355 -0.749687 -2.85205 -1 -1 -1 -1 -1 -1 -1 -1 -1 -1 -1 -1 -1 -1 -1 -1 -1 -1 -1 -1 -1 -1 -1 -1 -1 -1 -1 -1 -1 -1 -1 -1 -1 -1 -1 -1 -1 -1 -1 
-1 -1 -1 -1 -1 -1 -1 -1 -1 -1 -1 -1 -1 -1 -0.549011 22.5804 22.6143 22.8406 23.1389 23.1947 23.2517 23.3902 69.4243 24.0374 23.866 -0.949021 -1.05655 -0.874817 -2.43154 -1 -1 -1 -1 -1 -1 -1 -1 -1.00115 91.0259 28.4681 114.257 29.4455 86.1661 29.584 29.4626 -0.932002 -0.982646 -1.20684 -1 -1 -1 -1 -1 -1 -1 -1 -1 -1 -1 -1 -1 -1 -1 -1 -1 -1 -1 -1 -1 -1 -1 -1 -1 -1 -1 -1 -1 -1 -1 -1 -1 -1 -1 -1 -1 
-1 -1 -1 -1 -1 -1 -1 -1 -1 -1 -1 -1 -1 -1 -1.01682 -0.989646 22.667 91.133 23.2453 92.6656 23.5146 69.3449 23.9631 24.0949 24.0264 71.0819 24.6384 24.7074 -0.985379 -1.12144 -1.24202 4.61583 -1 -1 -1 -1 -1 805.471 -0.950425 28.4362 28.4011 29.0797 28.9533 29.6901 29.6387 95.9701 30.1972 30.1307 -1.00034 -1.52254 0.160905 -1 -1 -1 -1 -1 -1 -1 -1 -1 -1 -1 -1 -1 -1 -1 -1 -1 -1 -1 -1 -1 -1 -1 -1 -1 -1 -1 -1 -1 -1 -1 -1 -1 -1 
-1 -1 -1 -1 -1 -1 -1 -1 -1 -1 -1 -1 -1 -1 -1 -0.965407 -1.06707 22.789 23.1062 23.274 23.5465 23.6146 95.8917 24.1267 70.3058 24.5332 24.8196 24.7713 21.6198 25.3818 25.5188 -1.09838 -1.5361 -1.07983 -1 -1 -1 -1 -1.05592 28.8558 91.688 29.2524 94.4412 29.5046 96.1341 30.1557 30.1188 30.1427 99.0756 30.5607 -0.972935 -1.01073 -1.539 -1 -1 -1 -1 -1 -1 -1 -1 -1 -1 -1 -1 -1 -1 -1 -1 -1 -1 -1 -1 -1 -1 -1 -1 -1 -1 -1 -1 -1 -1 -1 -1 
-1 -1 -1 -1 -1 -1 -1 -1 -1 -1 -1 -1 -1 -1 -1 -1 2.93346 -0.88292 -1.01161 -0.960085 23.4827 94.9214 24.0386 24.193 24.0707 98.0132 24.7925 21.5633 25.3871 25.3538 25.5901 46.8381 26.107 25.7491 -1.00335 -1.01981 -0.934076 0.0614585 4.26796 -0.776363 28.2976 29.2029 29.4284 29.7589 30.0821 96.5808 30.3523 97.9463 30.4711 30.7711 30.6783 101.17 -0.9731 -0.985173 -1 -1 -1 -1 -1 -1 -1 -1 -1 -1 -1 -1 -1 -1 -1 -1 -1 -1 -1 -1 -1 -1 -1 -1 -1 -1 -1 -1 -1 -1 -1 
-1 -1 -1 -1 -1 -1 -1 -1 -1 -1 -1 -1 -1 -1 -1 -1 -1 -1 -1 3.1821e+10 -1.43639 -0.934352 -1.03506 24.0852 97.0023 24.794 24.8574 24.8839 99.5378 25.3227 46.9128 25.5287 25.8452 25.8545 47.9064 26.767 26.7009 98.1148 98.1211 -0.944455 -0.963532 28.913 45.1561 29.5587 95.5408 30.0962 30.5903 30.2135 98.0335 31.0024 101.251 31.5062 31.6054 -1.03909 1.03737 -1 -1 -1 -1 -1 -1 -1 -1 -1 -1 -1 -1 -1 -1 -1 -1 -1 -1 -1 -1 -1 -1 -1 -1 -1 -1 -1 -1 -1 -1 
-1 -1 -1 -1 -1 -1 -1 -1 -1 -1 -1 -1 -1 -1 -1 -1 -1 -1 -1 -1 -1 -1 -1.20148 -0.724403 -0.945015 -1.04586 24.6605 98.8172 25.145 25.4053 25.2979 103.09 26.473 47.6835 26.688 26.6896 26.7409 98.2768 99.4803 27.3496 28.7993 28.7253 -0.983274 29.7444 29.5675 46.0875 30.2763 97.8151 30.918 31.5769 31.1303 31.569 31.8539 102.727 -0.966168 -1 -1 -1 -1 -1 -1 -1 -1 -1 -1 -1 -1 -1 -1 -1 -1 -1 -1 -1 -1 -1 -1 -1 -1 -1 -1 -1 -1 -1 -1 
-1 -1 -1 -1 -1 -1 -1 -1 -1 -1 -2.94184 -0.486672 -1.15942 -0.559165 -0.902733 24.1823 -1 -1 -1 -1 -1 -1 -1 -1 -1 -1.06232 -0.986914 -0.862364 99.4553 25.2754 101.953 25.9535 26.1006 25.9655 105.326 26.8804 48.8109 107.988 27.3171 50.4853 50.8651 28.2864 28.2732 28.5346 52.9176 30.0585 30.2424 30.2674 71.8594 31.4144 99.9408 31.6258 103.257 32.0337 -1.04617 -1.70421 -1 -1 -1 -1 -1 -1 -1 -1 -1 -1 -1 -1 -1 -1 -1 -1 -1 -1 -1 -1 -1 -1 -1 -1 -1 -1 -1 -1 -1 
-1 -1 -1 -1 -1 -1 -1 -1 -1 -0.910113 -1.06123 42.1624 41.8741 42.3474 42.3096 43.0054 -0.998102 -0.939328 -1.13126 -0.993486 -1.31616 -1.01542 -0.679258 -7.51806 -1 -1 -1 -0.13055 -1.0257 -0.898669 25.2586 102.057 26.1403 104.423 26.9352 26.9619 27.0091 109.713 109.614 50.6004 50.39 28.0193 28.3639 28.5609 28.5442 53.0617 30.0092 54.3085 31.1832 31.311 31.285 31.6371 31.7852 31.8804 32.0253 -0.958468 7.07217 -1 -1 -1 -1 -1 -1 -1 -1 -1 -1 -1 -1 -1 -1 -1 -1 -1 -1 -1 -1 -1 -1 -1 -1 -1 -1 -1 -1 
-1 -1 -1 -1 -1 -1 -1 -1 -1 -1.00395 41.9696 42.0163 41.8708 42.2673 42.3701 43.2939 43.0809 22.9007 23.19 23.2732 23.5552 23.5106 87.856 -0.977185 -1.00914 -0.972739 -0.660969 -3.05505 122.007 -0.58192 -0.176369 -1.00366 26.141 26.0872 42.1467 27.0044 107.846 91.01 27.5031 92.3142 49.7456 28.5767 51.6646 29.0264 42.2337 30.2112 29.8564 30.2433 54.6755 31.1399 55.9341 31.6851 48.8782 32.2977 42.1047 88.3154 -1.11347 -1 -1 -1 -1 -1 -1 -1 -1 -1 -1 -1 -1 -1 -1 -1 -1 -1 -1 -1 -1 -1 -1 -1 -1 -1 -1 -1 -1 
-1 -1 -1 -1 -1 -1 -1 -1 -1 -0.961553 21.7354 86.3557 22.0742 88.6747 22.5228 90.3325 22.9247 23.2606 23.3113 23.2211 23.5928 23.4335 87.1527 87.9893 24.3461 24.5507 24.4371 92.4688 92.0523 -1.11059 -1.05771 -1.01533 25.8671 87.5266 26.8121 27.1472 26.7821 90.1893 91.0584 91.6798 92.6264 28.596 28.4107 28.8344 28.8639 88.8377 30.1327 89.8338 31.342 31.3303 31.1558 32.0609 32.1067 32.083 32.6333 88.6222 -0.953794 -0.688491 -1 -1 -1 -1 -1 -1 -1 -1 -1 -1 -1 -1 -1 -1 -1 -1 -1 -1 -1 -1 -1 -1 -1 -1 -1 -1 -1 
-1 -1 -1 -1 -1 -1 -1 -1 -1 -1.08178 87.1849 86.6141 86.5494 89.924 88.0725 89.3465 90.2899 91.6115 23.2491 92.99 23.8677 43.6695 44.1631 24.2675 24.5635 24.6242 24.6372 92.7418 91.816 25.1205 25.4243 25.2505 25.808 25.8575 88.7126 26.7752 90.8837 91.8247 27.7628 91.5968 93.1918 28.6913 46.504 29.0623 88.1232 30.2487 29.9892 30.1241 91.353 31.3098 92.7635 31.7142 94.2033 32.3912 88.6924 32.5746 32.8355 -1.1724 -1.05822 -1.19863 -0.118488 -3.138 -10.5468 -1 -1 -1 -1 -1 -1 -1 -1 -1 -1 -1 -1 -1 -1 -1 -1 -1 -1 -1 -1 -1 -1 
-1 -1 -1 -1 -1 -1 -1 -1 -1 -1.36713 -1.08617 -0.919178 22.1244 -0.990777 22.637 90.4888 23.0066 23.2408 23.3042 23.2873 23.6735 23.8973 43.8828 44.3871 45.1248 24.5564 45.7121 45.8822 25.1031 25.3478 25.361 25.3973 47.7295 65.4434 26.9686 26.795 26.8132 89.5399 90.9353 92.7935 92.9926 28.653 28.524 29.2672 29.1189 88.0065 29.9567 91.3751 31.14 31.2304 31.083 32.0104 31.6819 32.5037 32.2196 32.7004 32.6975 42.6145 31.9457 32.2064 72.8596 74.2781 93.2111 94.6593 -1.06203 -1.13008 -0.941202 -0.931149 -0.928437 -0.672468 -1.16721 -0.998524 -0.994781 -1.08472 -0.949825 -0.958416 -1.1333 -0.179718 -1 -1 -1 -1 -1 -1 -1 
-1 -1 -1 -1 -1 -1 -1 -1 -1 -1 -1 -1 0.128763 -1.13881 -0.501728 -1.0654 -0.966321 -1.03449 28.1065 93.6413 23.5097 95.379 95.9136 24.0056 24.553 24.5735 24.5966 45.7713 45.9001 46.5503 25.8132 47.2404 26.2059 26.0318 41.7497 26.7578 42.8659 50.3919 27.1482 25.2817 98.3057 28.304 93.9801 28.9805 17.9181 30.1809 30.0018 30.0884 43.3216 31.4631 72.4667 32.0117 94.7274 32.6354 94.9821 33.1886 42.7463 32.184 32.1582 31.7347 72.4714 72.9808 94.4745 94.0538 33.8904 34.7827 34.8408 35.2353 35.4346 35.5467 35.5351 36.7101 36.5824 37.2081 37.2246 37.8938 37.7649 -1.02361 -1524.47 -1 -1 -1 -1 -1 -1 
-1 -1 -1 -1 -1 -1 -1 -1 -1 -1 -1 -1.15537 -1.03999 -1.04014 -0.952898 -0.760711 -1.06539 1.19662 -3.7505 -0.971915 -1.0526 -0.910639 94.8422 95.6548 97.3362 24.4035 98.5542 99.3711 25.0767 25.6354 25.7534 25.5586 26.2637 26.2076 110.046 26.7675 26.6326 49.4529 49.7696 25.2385 25.1355 28.4201 28.1471 29.2845 29.1401 159.439 29.6799 98.4789 31.3579 31.435 31.4127 32.0959 32.0815 32.6919 32.8204 32.7706 33.192 97.8397 32.9981 99.8676 98.721 33.5002 103.66 33.8427 34.8801 34.592 34.7461 35.1015 35.327 35.386 36.4166 36.4914 36.6189 37.0949 37.2175 37.6869 37.8366 282.193 7.13948 -1 -1 -1 -1 -1 -1 
-1 -1 -1 -1 -1 -1 -1 -1 -1 -1 -0.977837 21.169 21.1894 42.3164 42.2135 43.0309 42.5468 44.1229 44.419 44.5198 44.565 44.592 45.1657 86.5325 -1.02511 -1.01215 -0.877631 -0.962651 99.9823 101.256 25.6272 102.235 26.1784 109.405 26.6265 26.6852 49.3919 91.778 27.3184 68.5901 51.0388 28.3868 51.4818 28.9446 279.158 29.9054 29.9433 30.0168 98.451 31.4425 100.754 31.9182 101.728 32.4646 107.913 33.4316 194.09 32.9252 32.8672 33.0157 100.485 99.1451 100.748 103.16 102.344 35.276 196.489 35.9327 72.6574 36.5111 98.5144 37.0791 102.207 37.6603 103.137 38.0512 280.992 39.2494 -1.71547 -38.453 -1 -1 -1 -1 -1 
-1 -1 -1 -1 -1 -1 -1 -1 -1 -1 -0.990066 21.126 21.1878 42.4562 42.22 42.8597 43.3828 45.0146 44.3418 44.3663 44.4841 45.6458 45.173 44.4721 44.7694 44.8546 45.5822 45.4625 25.051 25.6281 25.4864 25.4199 26.1608 26.1363 26.7012 26.528 90.7346 91.0782 90.878 67.8374 67.7576 28.3453 28.3668 28.844 28.9303 88.6456 29.8612 89.714 31.4244 31.5397 31.3077 31.9914 32.2119 32.4177 32.7002 33.1863 33.2193 89.8779 33.4672 91.6028 92.2383 33.8896 94.8273 34.4379 35.1259 35.3491 35.0054 35.8369 35.6369 36.693 36.5523 37.1609 36.8956 37.9986 37.8433 38.1479 38.2811 38.6538 37.9051 1.13288 -1 -1 -1 -1 -1 
-1 -1 -1 -1 -1 -1 -1 -1 -1 -1 -0.987619 42.2519 65.8334 89.9004 89.1786 90.8662 89.9024 92.019 67.4186 94.8274 43.8132 95.5597 44.3902 44.6577 44.6892 44.9265 45.8825 45.493 45.9097 93.5318 25.4864 47.1424 25.8708 88.7949 26.332 89.6677 27.203 27.2059 27.5857 92.698 93.9388 28.0981 95.8375 28.8614 88.1064 29.8751 29.9482 29.8853 91.2927 31.0221 92.3434 31.7953 94.5119 32.4124 88.5536 32.9269 89.3443 33.3469 33.0787 33.3561 92.0831 93.9478 92.4552 94.9901 42.1972 35.3379 89.9664 35.595 90.5045 36.6976 92.3072 37.0697 93.9665 37.999 95.3857 38.8482 88.1965 39.3014 89.2138 -0.96519 -1 -1 -1 -1 -1 
-1 -1 -1 -1 -1 -1 -1 -1 -1 -1 -1.11643 -0.977303 42.2825 89.2242 88.9666 90.8564 90.3953 93.1728 91.717 93.5439 90.4737 93.3737 94.6373 44.3771 44.7893 45.4559 45.3866 45.906 46.3968 46.4941 25.564 25.4961 26.1318 26.0222 26.6562 26.6961 27.3325 27.0393 43.0851 92.4439 92.4771 28.0436 28.0201 28.9353 28.8507 89.1366 29.8585 90.4002 30.7771 30.9732 30.9368 31.6739 31.8965 32.5947 32.4168 33.0139 32.8103 90.778 33.4268 92.3039 91.7752 34.1799 94.3651 34.4527 35.6934 35.39 35.6081 35.7651 36.2936 36.7099 36.8648 37.3127 37.1739 38.2339 37.9431 38.5314 39.1979 39.3842 40.4301 -1.2223 -1 -1 -1 -1 -1 
-1 -1 -1 -1 -1 -1 -1 -1 -1 -1 -1 -2.58081 -2.0667 -1.87157 -1.04182 -0.910378 -1.15082 -1.01773 93.379 90.861 96.0238 93.9177 95.8367 44.9659 44.7623 44.8838 45.4035 45.7754 46.5314 45.5748 46.7574 47.2554 26.0528 17.7351 26.6786 42.5808 26.8826 43.5645 27.5959 27.7855 93.8114 28.188 94.4427 28.9838 17.8305 29.8179 29.5514 29.8345 43.0071 30.9495 92.495 31.4964 94.0193 32.4786 95.0542 33.0043 42.7127 33.3499 33.7122 33.261 92.8308 93.6088 94.8155 93.2835 95.8775 35.4321 96.4439 36.0928 43.405 36.9577 68.7114 37.7996 94.5151 38.9121 95.5719 39.4472 96.0249 39.8234 42.1996 -1.13969 -1 -1 -1 -1 -1 
-1 -1 -1 -1 -1 -1 -1 -1 -1 -1 -1 -1 -1 -1 -1 -1 -1 -1 29.5016 1.86205 2.14864 -0.40426 -1.25047 -1.12219 -1.07199 -1.00767 98.4101 99.3675 99.3687 47.0632 102.3 101.9 26.1458 25.9115 26.5825 26.5103 27.0217 26.588 27.7869 27.631 50.1218 27.9034 28.1244 28.9183 29.0264 46.0982 29.8159 98.0201 30.9465 30.8013 30.8764 31.6847 31.7334 32.3496 32.2828 33.3363 33.038 71.6047 33.2313 100.44 48.0618 34.2561 49.0653 34.7231 35.7419 35.5382 35.7389 36.2648 36.1104 36.7779 36.889 38.2599 37.9336 38.8286 38.3394 39.12 39.4252 40.4092 39.9095 -1.06152 -1 -1 -1 -1 -1 
-1 -1 -1 -1 -1 -1 -1 -1 -1 -1 -1 -1 -1 -1 -1 -1 -1 -3.69113 -0.809946 -1.22734 -0.745013 -0.78169 -0.983824 -1 -1 19.6443 -2.11897 -1.61445 -0.305784 -2.39173 -1.07272 -1.09081 26.0798 104.352 26.7125 105.414 27.3511 49.4785 27.6348 50.4471 27.9726 28.8085 51.3919 29.1424 52.0243 29.6474 29.7448 29.3783 47.8582 30.8924 47.7838 31.4819 49.3573 32.0804 105.331 32.7535 106.832 33.4476 33.2426 33.4643 47.8418 48.5459 48.4514 47.8113 76.9953 35.7078 106.119 36.41 108.868 37.3118 48.3924 37.5687 49.0429 38.7633 77.0723 39.566 104.688 40.4289 106.8 -1.08389 -1 -1 -1 -1 -1 
-1 -1 -1 -1 -1 -1 -1 -1 -1 -1 -1 -1 -1 -1 -1 -1 -1 -0.988898 23.2849 23.2365 23.8276 23.7896 -0.987533 -1.06891 -0.985392 -1.07292 -0.981015 -1.03008 -1.07053 -1.05987 -0.988294 25.9553 26.1358 25.8209 26.7325 26.526 27.3087 27.279 27.6536 27.4757 28.0559 28.1212 94.2119 28.98 28.9121 53.2423 29.9216 54.6233 30.464 30.86 30.5876 31.6779 31.5134 32.1756 32.2875 32.5638 32.7557 108.248 33.4395 110.122 68.1021 34.5649 93.9447 35.3908 35.9277 36.0728 35.9448 36.2899 36.5381 37.3321 37.3656 37.8731 37.4103 38.7495 38.7285 40.1127 39.7968 40.5871 40.041 -0.845075 -1 -1 -1 -1 -1 
-1 -1 -1 -1 -1 -1 -1 -1 -1 -1 -1 -1 -1 -1 -1 -1 70.5921 23.1767 23.2712 23.2763 23.8603 23.7491 95.6129 96.6186 97.251 47.0821 47.0504 98.8703 99.5329 46.5958 46.8159 95.4455 47.7248 48.0044 26.8605 106.467 27.0837 49.4863 27.6992 67.7663 28.2305 93.9378 29.0471 28.951 96.158 29.5925 30.0325 29.9138 98.4587 30.9344 68.9805 31.2181 93.9881 31.8679 95.589 32.676 71.6165 33.4374 33.6521 33.3749 68.6385 68.094 94.359 94.3517 95.8112 35.612 71.5123 36.3333 73.1257 37.1365 73.297 37.5447 92.1374 39.2162 94.9371 40.2661 97.0363 40.6686 46.6958 -0.835335 -1 -1 -1 -1 -1 
-1 -1 -1 -1 -1 -1 -1 -1 -1 -1 -1 -1 -1 -1 -1 -1 -72.7873 -0.984321 23.1794 93.1712 23.7311 94.3247 97.0214 96.2011 96.4604 47.0051 47.0338 98.9036 99.7307 46.8004 46.5003 25.73 48.2554 48.3359 26.6421 27.0067 27.1074 27.2053 27.6288 27.5735 28.1743 28.3632 29.0354 28.9857 95.5576 96.8841 29.9246 97.7422 30.9729 31.1501 30.7433 31.4414 31.6941 32.1282 31.8685 32.6207 32.4944 98.6198 32.9748 99.7367 100.896 34.3369 70.3539 35.0669 35.7459 35.7723 35.6589 36.3639 36.3291 37.1746 36.8774 38.0731 38.0338 39.1811 39.2023 39.943 40.0517 41.0774 40.9409 -1.20236 -1 -1 -1 -1 -1 
-1 -1 -1 -1 -1 -1 -1 -1 -1 -1 -1 -1 -1 -1 -1 -1 -1 -0.948755 -0.956648 23.1373 23.8234 23.7294 24.333 97.3 24.772 98.6878 24.8926 99.547 25.4495 101.882 25.8809 47.4383 47.3386 48.7093 48.4213 49.7497 27.0318 50.165 27.6968 51.3763 28.4484 70.2353 28.9609 97.021 29.5503 29.6472 30.1407 29.9815 99.8996 30.9276 19.9214 31.4369 70.0222 32.0606 96.3374 32.3121 98.2213 33.2469 32.9201 33.0592 100.58 100.581 70.5922 69.9894 96.1007 35.4377 97.5506 36.1789 99.3842 37.9384 100.134 38.2953 44.7003 38.8815 94.8184 39.7711 96.3261 40.7928 98.0661 -1.00738 -1 -1 -1 -1 -1 
-1 -1 -1 -1 -1 -1 -1 -1 -1 -1 -1 -1 -1 -1 -1 -1 -1 -1 -1 -1.12617 -1.03174 -1.18564 -1.0659 97.7198 96.4753 98.7199 99.3716 100.784 101.075 101.971 101.287 47.3125 47.8515 26.1311 48.99 48.7665 27.0465 27.3866 27.7043 27.7575 28.2906 28.4825 29.2628 28.9829 29.5006 29.6078 52.9068 98.6476 30.7154 31.0691 31.1122 31.4962 31.3852 31.8573 32.0345 32.4406 32.1947 104.456 32.6374 100.413 48.8758 33.919 48.7969 34.7504 35.2347 35.5208 35.0518 36.344 36.1728 37.2133 37.0394 38.1999 37.9792 39.1212 38.7597 39.7912 39.9274 40.7214 40.8574 -1.07763 -1 -1 -1 -1 -1 
-1 -1 -1 -1 -1 -1 -1 -1 -1 -1 -1 -1 -1 -1 -1 -1 -1 -1 -1 -1 -1 -1 -176.917 18.3399 8.49368 -2.61382 -4.09756 -3.12469 -2.97958 0.049657 -0.826368 -1.26628 -1.07134 -1.11704 -1.07138 54.9608 107.892 49.877 27.6721 50.9959 28.2038 51.9668 28.7516 52.6121 29.4836 53.3358 29.9646 30.3588 47.0414 30.8139 49.229 31.6209 49.2119 32.1015 49.9582 -0.775156 -1.03415 -0.416227 -4.85319 -0.38604 -1.5429 0.128411 -1.31026 -0.909876 -1.53794 35.1573 -1.11476 35.8218 106.98 36.8917 49.1246 37.6456 48.7181 38.7294 49.6974 39.1748 50.6843 40.7416 108.254 -1.02021 -1 -1 -1 -1 -1 
-1 -1 -1 -1 -1 -1 -1 -1 -1 -1 -1 -1 -1 -1 -1 -1 -1 -1 -1 -1 -1 -1 -1 -1 -1 -1 -1 -1 -1 -1 -1 -1 -1 -1 -3.09523 -0.8598 -0.792332 -1.01429 -1.22632 -0.915369 -1.24823 -0.87065 -1.15612 -0.899845 -1.05612 -0.842772 -1.19056 -0.859074 -1.08675 -0.764567 -1.34489 -0.999742 -1.22836 -0.553315 -1.49194 0.628612 -1 -1 -1 -1 -1 -1 -1 -1 -1 -1 -0.763036 0.826853 -1.08494 -1.42596 -0.611426 -0.870101 37.1139 38.9732 38.8304 39.9724 39.4042 40.357 40.6394 -1.01595 -1 -1 -1 -1 -1 
-1 -1 -1 -1 -1 -1 -1 -1 -1 -1 -1 -1 -1 -1 -1 -1 -1 -1 -1 -1 -1 -1 -1 -1 -1 -1 -1 -1 -1 -1 -1 -1 -1 -1 -1 -1 -1 -1 -1 -1 -1 -1 -1 -1 -1 -1 -1 -1 -1 -1 -1 -1 -1 -1 -1 -1 -1 -1 -1 -1 -1 -1 -1 -1 -1 -1 -1 -1 -1 -1 -1 3.98567 -3.27396 -2.56452 -2.7421 -0.00202105 -0.592947 -0.186736 -0.69952 9.28702 -1 -1 -1 -1 -1 
-1 -1 -1 -1 -1 -1 -1 -1 -1 -1 -1 -1 -1 -1 -1 -1 -1 -1 -1 -1 -1 -1 -1 -1 -1 -1 -1 -1 -1 -1 -1 -1 -1 -1 -1 -1 -1 -1 -1 -1 -1 -1 -1 -1 -1 -1 -1 -1 -1 -1 -1 -1 -1 -1 -1 -1 -1 -1 -1 -1 -1 -1 -1 -1 -1 -1 -1 -1 -1 -1 -1 -1 -1 -1 -1 -1 -1 -1 -1 -1 -1 -1 -1 -1 -1 
-1 -1 -1 -1 -1 -1 -1 -1 -1 -1 -1 -1 -1 -1 -1 -1 -1 -1 -1 -1 -1 -1 -1 -1 -1 -1 -1 -1 -1 -1 -1 -1 -1 -1 -1 -1 -1 -1 -1 -1 -1 -1 -1 -1 -1 -1 -1 -1 -1 -1 -1 -1 -1 -1 -1 -1 -1 -1 -1 -1 -1 -1 -1 -1 -1 -1 -1 -1 -1 -1 -1 -1 -1 -1 -1 -1 -1 -1 -1 -1 -1 -1 -1 -1 -1 
-1 -1 -1 -1 -1 -1 -1 -1 -1 -1 -1 -1 -1 -1 -1 -1 -1 -1 -1 -1 -1 -1 -1 -1 -1 -1 -1 -1 -1 -1 -1 -1 -1 -1 -1 -1 -1 -1 -1 -1 -1 -1 -1 -1 -1 -1 -1 -1 -1 -1 -1 -1 -1 -1 -1 -1 -1 -1 -1 -1 -1 -1 -1 -1 -1 -1 -1 -1 -1 -1 -1 -1 -1 -1 -1 -1 -1 -1 -1 -1 -1 -1 -1 -1 -1 
-1 -1 -1 -1 -1 -1 -1 -1 -1 -1 -1 -1 -1 -1 -1 -1 -1 -1 -1 -1 -1 -1 -1 -1 -1 -1 -1 -1 -1 -1 -1 -1 -1 -1 -1 -1 -1 -1 -1 -1 -1 -1 -1 -1 -1 -1 -1 -1 -1 -1 -1 -1 -1 -1 -1 -1 -1 -1 -1 -1 -1 -1 -1 -1 -1 -1 -1 -1 -1 -1 -1 -1 -1 -1 -1 -1 -1 -1 -1 -1 -1 -1 -1 -1 -1 
-1 -1 -1 -1 -1 -1 -1 -1 -1 -1 -1 -1 -1 -1 -1 -1 -1 -1 -1 -1 -1 -1 -1 -1 -1 -1 -1 -1 -1 -1 -1 -1 -1 -1 -1 -1 -1 -1 -1 -1 -1 -1 -1 -1 -1 -1 -1 -1 -1 -1 -1 -1 -1 -1 -1 -1 -1 -1 -1 -1 -1 -1 -1 -1 -1 -1 -1 -1 -1 -1 -1 -1 -1 -1 -1 -1 -1 -1 -1 -1 -1 -1 -1 -1 -1 
